-7.736189925754466401e-02 1.292673174770762046e+00
-7.160460808352286044e+00 -4.820398328165044433e+00
1.665225742854020918e+00 2.790944649473535932e+00
-5.258646561797617025e+00 -3.981938875129197086e+00
-4.754580043523540134e+00 -5.214545551471463369e+00
2.998969475085926817e+00 6.303197035868364217e-01
1.707708174508833832e+00 5.827205406561687395e-01
3.150568493172126949e+00 5.598504404436022153e-01
2.959434600908708468e+00 2.434077678339523043e+00
-1.143074171979451936e+00 -4.742578071922126881e+00
1.925277675162259117e-01 1.224924315933475949e+00
3.507707814694966508e+00 3.635688893551937362e+00
3.159571188225962501e-01 2.718395294804684781e+00
1.782131708122488334e+00 2.124806473180420596e+00
-6.859630321150406163e-01 1.082543361193707199e+00
4.322528271290418722e+00 4.036031043544503483e+00
-3.011724181127529487e+00 -1.537276914024253038e+00
3.779558776817503851e+00 4.056640872187517566e+00
-4.632622422908073467e+00 -4.190048019713397132e+00
1.404387154216814260e+00 3.191389899301644295e-02
-2.918229678900304602e+00 -1.484265032230907444e+00
1.182555685092402831e+00 1.160117512297682341e+00
-3.192606715986845423e+00 -4.397460001243883809e+00
2.881542006227169495e+00 2.115586933095805033e+00
-1.871849450555532091e+00 -4.976721045139308686e+00
1.013280343575138520e+00 9.921845678835862214e-01
-7.646292001740518929e-01 -4.763035368960929494e-01
3.823976046358222192e+00 1.117280072875757035e-01
2.071273509917115341e-02 1.556195426449245911e+00
-1.611470933531802929e+00 -2.337208226509909448e+00
-2.844146728404599145e+00 -2.499418740064633049e+00
-2.595801052034088841e+00 1.032606594013353529e+00
5.142708787643270441e+00 5.062520692285946922e+00
3.006262961121787480e+00 4.340790323624457159e-01
4.951442718861098768e+00 4.923827090152002484e+00
1.543353587081488509e+00 3.173290207406866958e-01
3.329674778825452819e+00 4.588073744688837330e+00
3.257797546318775606e+00 9.199719072994703151e-01
9.412741578541780063e-01 -9.678985000676516570e-01
1.982131414962907456e+00 -8.307018289109621145e-01
2.344825658493245868e+00 2.808272018707132833e+00
1.625321311629548848e+00 1.060652971390356303e+00
-1.325407175065468790e+00 8.857034782557511310e-01
-1.589804321067053827e+00 -1.805917481823876791e+00
-2.041058566363001814e-01 5.272826867599589296e-01
3.240910724889577654e+00 1.695172891964575879e-01
-4.717241288100526564e-01 2.256263163166393859e+00
2.559300802553082121e+00 -4.470321046203606929e-01
-3.591185936814786483e+00 -5.270526287784872643e+00
1.606594132457027868e+00 -5.963769391643251039e-01
3.808611802126304902e+00 -4.414068075058366070e-01
4.209137304137736457e+00 2.486031359139608377e+00
-3.297382149597627432e+00 -3.349169252660784135e-01
2.271092118269217863e+00 -1.493626400965863299e+00
2.122775295400109175e-01 5.036924447198656285e-01
7.033369414954854903e+00 4.675977627612454057e+00
3.098857332941390208e+00 2.104933286057304009e+00
1.990004940640972775e+00 8.465136670266489860e-01
-4.706993165298659854e+00 -3.662381211575320705e+00
-7.558262337846187506e+00 -5.021627458847532033e+00
-3.483565428688146337e+00 -4.599533684235588282e-01
4.396883795907799097e+00 1.118475235519614808e+00
3.303002343182266820e+00 5.257630949423083067e+00
-2.448012024614673265e+00 -4.784534867691702331e+00
4.769459458771686755e+00 1.760298133507803398e+00
-2.742628151660992941e+00 -4.472739563481749059e+00
8.162591451064831194e-01 1.760438787643527903e+00
-2.999447824874017066e+00 -1.296314653977262976e+00
1.707855523732976222e+00 8.163792624904678830e-01
5.558056149803123347e-01 1.673592088065841477e+00
8.187086456954968394e-01 1.319990693077950139e+00
1.776360482393697149e+00 3.083368251135003568e+00
-2.807093176339889418e+00 -1.750003789543614463e+00
-1.030870926133611087e+00 -1.024461218823651043e+00
4.736860647700267712e+00 1.992704855338278680e+00
3.252930835922168695e-01 -6.211853295745041192e-01
5.159138968761815214e+00 5.973066115171993040e+00
-2.144533089060495001e+00 -2.434771918821072134e+00
1.031598601240402424e-01 -2.639275524247788329e-01
1.852319774891958870e+00 2.470820380697486218e+00
1.118680771147577691e-01 2.325799046304601880e+00
-4.904411277172937011e-01 4.761663915966063976e-01
7.250016104785674820e-01 5.516106016170048143e-01
-5.527324350255976571e-01 2.491223328899391909e+00
-2.552484863838102136e+00 -2.711829473512063160e+00
-3.451476262762512293e-01 1.338216277172670887e+00
1.095392851621879515e+01 6.531000281994661094e+00
-1.088023470292601935e+00 -3.389404534633327359e-01
-1.526131242995539816e-01 8.597439635550281345e-01
-5.121724856772251755e+00 -4.630946800883671166e+00
-8.852700930168941884e-01 -2.086744113346861607e+00
-2.947170820623922882e+00 -3.599182662020700363e+00
-2.380124850027264927e+00 2.911104794240348959e-02
3.401865499607828358e+00 3.085644221711463686e+00
-4.704044456443772226e-01 -2.725838488015753125e+00
1.930613905283562692e+00 2.772076950913116011e+00
1.619215057442594974e+00 -7.182554707365751412e-01
-2.701100061835899790e+00 -4.684863937219738705e-01
1.517454186735129884e+00 3.744465298721009194e+00
-8.778536573718284108e-01 4.977838817246781344e-01
1.054602914922099899e+00 3.666843839697183083e-01
1.397022886977850931e+00 -7.143063803785743016e-01
3.801342348568711227e+00 3.261401422258229932e+00
5.506776977075079849e+00 3.308661916881540765e+00
3.964618497001612951e+00 2.293618367241421208e+00
-2.874512362067944693e-01 -1.086432412979098538e+00
4.991235937134426592e+00 4.110291932278206772e+00
7.086948035934967471e+00 3.698137967783849511e+00
1.975251106425401471e+00 -7.116795509081785820e-02
-4.844440193548969376e+00 -3.462831546455062970e+00
-1.770128237489189793e+00 -1.369449065575212066e+00
1.265982518820726543e+00 1.874625088807454931e+00
2.749786533992480964e-01 -1.357775092549748930e+00
4.245489312522810366e+00 7.393922035734775022e+00
9.626262447151927582e-01 -1.510658424119680099e+00
-7.830887331589657663e-01 -2.559048412376625947e+00
6.120747458184549572e+00 4.105639253854715065e+00
-2.852837262646565453e+00 -3.808220703866673329e+00
-1.246662422811122939e+00 -6.585998242867208141e-02
7.812247609359761480e-01 -1.350410029285144531e-01
2.183778094405203873e+00 -7.654876874271021592e-02
1.211182795027507364e+00 3.735495454587342667e+00
-2.516510933888542745e+00 -1.745768014555436842e+00
2.852139882882536170e+00 1.778974594000512610e+00
7.619357923263568866e-01 -2.158407467217679510e-01
2.316081439482933657e+00 1.908543925109554174e+00
2.101226685622561874e+00 7.555371654303794093e-01
3.897324014448932950e-02 3.337523420350663184e+00
-2.598743384941586410e-01 -2.380794346580401566e+00
7.433003267330627883e-01 2.177687266158397694e+00
-9.795573858594834871e-01 -3.110812485869049127e+00
-1.008783836800167144e+00 -3.829479465053587939e-01
1.725058922060596300e+00 1.711892167220054439e+00
1.687467183803524895e+00 3.807360838588973895e+00
3.728393401097845672e+00 4.580693339255076602e+00
4.934034357589414554e+00 4.958055213052297461e+00
-4.999670140241637029e+00 -4.874162111354519489e+00
2.046183124419992172e+00 2.759450498627983306e-01
6.232479868780513854e-01 -1.404730907556212660e+00
-2.033520411163764141e+00 -2.019230502946661510e+00
-2.385739689630620219e+00 -3.220374669179928873e+00
5.032636835719412005e+00 1.924210745620341001e+00
1.356651827146878597e-01 -1.196264142148380394e+00
-3.529062733489340964e+00 -4.814386315434563635e+00
3.388497160020083609e-01 1.782252996109209842e-01
2.975086453717438850e+00 1.435138878735097379e+00
-1.494318876933913298e+00 -3.755577560023686257e-01
-4.877833132916256531e+00 -6.952498135652458444e-01
-1.406536004748778934e+00 7.411438881315921545e-01
-2.548902014105086877e+00 -4.847377296465543495e+00
1.275744654517800003e-01 1.143804503521533983e-01
-5.513197387804730232e-02 6.573992672740713861e-01
5.075398389733636328e+00 4.330943896240369462e+00
-7.855232155000064775e-01 2.133022484679417685e-01
4.743024754941838061e+00 4.766333459498105718e+00
-2.297075602016797724e+00 -2.306109049597960148e+00
1.394104606199400576e-01 -1.082271322092315691e+00
-3.282261613872630601e+00 9.563004865142716859e-01
-1.653851639111342253e+00 -9.916790106892625634e-01
1.655358377969776029e+00 9.915374120346849285e-01
1.435874176235963251e+00 -1.566750787420964297e+00
-1.999950288060066583e+00 -1.322829883574645482e+00
2.637241344929431186e+00 3.698528762200501863e+00
-1.332398084862482346e+00 -1.276898332641944078e+00
1.308717077428684483e+00 1.981987084587759185e+00
-5.037521574135438440e-01 -1.519452612764971011e-01
1.325497378708377694e+00 8.622195801771967982e-01
2.755808340138151458e+00 1.251196437603059763e+00
4.716063128088604728e+00 4.795226698725537418e+00
-1.943568899080285295e+00 -5.461626687000760150e-01
-8.946384886219056476e-01 2.841323449284377523e-01
1.914229025538968898e+00 1.754039123423736690e+00
-5.384672551192624113e+00 -2.199558556264305853e+00
2.457232249067389684e+00 1.913951659078244161e+00
2.360427210645751561e+00 1.344262315360216453e+00
-1.828882443047409989e+00 -2.663023536645964029e+00
2.783302223902354156e-01 -8.825036712257987581e-01
1.577661937979061957e+00 1.945017253009292846e+00
7.444264831237773494e-01 5.227577638970130058e-01
-3.556488146848971965e+00 -1.180664877860074125e+00
1.174542197646611719e+00 6.180186268120552162e-01
4.282381996591630990e-01 -7.621020922346998239e-01
3.659694121539989187e+00 2.709464964432074296e+00
1.160153755437375978e+00 -5.588062211085487174e-02
7.274263028799012432e+00 8.653329343288639564e+00
-1.874271457050022072e+00 -1.017216809804731392e+00
1.630140740144973233e+00 -1.824363789001212988e+00
2.677458743927891849e+00 1.828899327032515565e+00
-1.063159051960961499e+00 -3.762882904180296917e-01
4.723869325268099217e+00 3.148717799872574385e+00
-1.751566314067910801e-01 4.463708726616215094e-01
-2.558539401378577605e+00 -3.021267495571391404e-01
6.949712685647539967e-01 3.211376415717683286e-01
2.397041175451059658e+00 2.230068624647929987e+00
5.746945999698856333e+00 5.367391609520523410e+00
5.428552431979843718e+00 1.715371899868001426e+00
-2.753034081890080031e+00 -1.282181711171301197e+00
-3.668082531866103668e+00 -3.409281218029374116e-01
1.572945426942251146e+00 4.016861990179713793e+00
-4.086048619985419350e+00 -2.774086076659124878e+00
8.217679844958163393e-01 2.372752805298255829e+00
-8.747136870806409004e-01 -1.709965145152236854e+00
5.236939306952704598e+00 3.030621897291056133e+00
4.318590641416460763e+00 3.447257588993326127e+00
-1.842691467747405110e+00 -1.374080385637973967e+00
-2.413110439431649379e+00 -2.859335110777036171e+00
2.966995916147161516e+00 2.661406456744290328e+00
-1.494976941960006744e+00 -1.619208868423001713e+00
7.804132709576310223e-01 9.326131231149850098e-01
2.059247399160486491e+00 3.261652896117355205e-01
-3.955929604892507889e+00 -5.026241991960243460e+00
4.240951720730136820e+00 2.891436141739302634e+00
-1.796528121752876350e+00 -3.514859727838613779e+00
-7.180411410460690869e-01 -5.598453341891257429e-01
-1.344763108838692434e+00 -1.161227027349931662e+00
2.113727698510122988e+00 -3.416675761556329238e-01
7.221357845421172428e-01 8.177193228340523534e-02
-9.945324092774466829e-01 -2.475876319488915733e+00
-9.488735481763919122e-01 -1.756735767023983819e+00
-8.342562140769772538e-01 4.997081411650382554e-01
-1.599131682298312374e+00 -7.725614343538380613e-01
-8.766413199095778319e-01 5.364613215505039667e-01
2.782940300669840106e+00 3.398148480996345366e+00
1.221735540011095189e+00 2.359838848016440949e+00
-2.770812391667915708e+00 -4.585063079573677314e+00
-8.138974325751067163e-01 2.822150754145789087e-01
-1.913399510337139287e+00 -2.163241714642043956e+00
-3.443396020508598387e-01 -1.123866550242994311e+00
9.013431609140405421e-01 -2.496053382782011720e+00
2.204180233843970882e+00 6.954589379380357039e-01
2.592339950069548316e+00 3.326343995658906039e+00
-2.839946386083617824e+00 -3.416664186067065678e+00
-4.755451466758113810e+00 -4.044525286041277923e+00
1.428208863874291579e+00 -2.116829633562490542e+00
-2.060128510955829828e-01 -2.111088833858077329e+00
-3.052654150080200690e+00 -3.006018076421171692e+00
2.047441802478704886e+00 2.593746783516749144e+00
2.587236779338559778e+00 -4.801900781154051501e-01
3.903011057072933720e+00 1.738659434343848620e+00
-2.714777115696349163e+00 -3.390739227222546948e+00
9.774769709245412219e-02 1.498699552713183891e+00
-2.086886642437242312e+00 -1.205222619425181385e+00
1.695372125551579456e+00 -5.789727181958193025e-02
4.719201345798148539e-01 -1.350583646904116808e+00
-1.455621600872284427e-01 -1.644237270409405705e+00
-3.689885628427165720e+00 -1.912321552589818729e+00
3.485197624488537649e+00 2.082175858426083437e+00
2.244344865301148850e+00 1.379803815977417525e+00
-6.644663475215151216e-01 -7.378238234944519691e-01
-1.144242146676113236e+00 1.082593263707712028e+00
1.380734083867196649e+00 -5.402845706997729813e-01
-2.160121316076908382e-01 -1.640042127458101184e+00
1.668777862462253792e+00 1.400292531730969348e+00
-4.712193531644630617e+00 -3.874143238754889307e+00
5.468005135171658537e+00 5.127091146829728885e+00
6.377986138256563908e-01 2.285411098683220121e+00
-7.680644654377717373e+00 -6.361868383148093109e+00
-6.009513538605817828e+00 -2.271103966349939274e+00
-4.759222353244227044e+00 -5.138355362556233707e+00
3.390240212335037473e+00 1.791552144874024366e+00
-2.113516208557367548e+00 -4.339187748114973431e+00
-4.985994989416806966e+00 -2.786662832641928045e+00
-2.055443694705514357e+00 -2.479577885294612205e+00
3.160123729038700091e+00 3.500059314867068672e+00
-4.893715968685986795e+00 -2.776556455056136574e+00
-1.586699153675354967e+00 1.081281417466922079e+00
-2.362686341052552486e+00 -1.419296083730340330e+00
-4.734349933831530244e+00 -3.675968132320441395e+00
1.164351790978723544e+00 1.778252529192101972e-01
4.111598550180922684e-02 6.678771069259150650e-01
-3.530682101567135245e+00 -1.659546447015573190e+00
2.880278675711763769e-01 1.308249743077674054e+00
-4.498009324115868068e+00 -3.312508636070695012e+00
3.422899455468630947e+00 1.820615032087133933e-01
1.251954772646953096e+00 -2.378078567645541819e-01
-2.445819938023305440e+00 -7.996892612187077587e-01
-2.365738009011147724e+00 -8.349297484923722257e-01
-6.779456081907882847e+00 -6.343636597695264889e+00
-2.605465028428806673e-01 9.627695617619323742e-02
2.606155963088563343e+00 3.393687510816900677e+00
-5.261024365165936079e-01 9.905531596416212725e-01
1.171972923351631612e+00 5.393538771461414694e-02
2.372141777735284229e+00 2.867600861814403768e+00
-4.257900480840488555e-01 8.187510968989623050e-01
-1.617069168017066128e+00 -1.731233718489872953e+00
1.150232684404804084e+00 -6.120217050898243416e-01
-2.225586668872178375e+00 3.252613887065481935e-01
2.784707489117015822e+00 5.616818365115359146e-01
1.513866263317193539e+00 1.500176004226013937e+00
1.868754104510579106e+00 3.355831987516216586e+00
3.477609920180942726e+00 3.993441295009688918e+00
1.693944717401768774e+00 2.399148387082840284e+00
-7.083211408277066967e-01 1.765591746778028437e+00
4.730264334916311597e+00 7.388339721332633836e+00
1.186938947286692247e+00 1.792126509740640250e-01
3.301465901717493434e+00 4.195037903290610437e+00
-1.780771699889625914e+00 -2.385817527504059399e+00
3.679426301725357895e+00 4.576865757600655726e+00
4.307959468586549434e+00 3.676459102053763583e+00
-1.367623088629505324e+00 -9.121456095743825099e-01
-2.709696319278605436e+00 -1.554123130386271256e-01
6.149417729062221838e+00 4.028979056591234453e+00
1.837888808046780342e-01 -2.100848864438299213e+00
-5.170687377256210304e+00 -4.854414825141163625e+00
-1.849685849430623419e+00 -8.934529415271983410e-01
9.687983067205155341e-02 -4.536861429556964809e-01
1.779363392606368999e-01 -1.211267679471469405e+00
4.553705961872775987e+00 4.109648515199303631e+00
4.244263737603708009e+00 4.282641963033647414e+00
-6.343311960057867793e+00 -1.668388187572768189e+00
1.222935852265767398e+00 3.038962494975148587e+00
-7.094125543174088833e+00 -5.770394712856256270e+00
2.819482298483670935e+00 2.892928340773626150e+00
-2.556891305658304692e+00 -8.294156920164381663e-01
7.548060572675154845e-01 -7.756681449975019182e-01
2.853656812682134891e+00 2.324316942939241848e+00
-1.789381033638863139e+00 -3.497321010624209414e+00
-1.952980949029310853e+00 -1.140372247507265069e+00
3.389940282956324324e+00 1.220271203299123641e+00
4.980638944828631232e+00 1.691211904400454324e+00
-2.003447450511480099e+00 -1.760899640671448774e+00
9.480880888329442868e+00 6.733133533314052954e+00
-2.236087463468167336e+00 -1.553037011322449201e+00
9.624852188715458112e-01 2.597869389338995916e+00
-3.757727788432770666e+00 -5.042093335773078167e+00
4.118111491914489442e+00 3.966831695163015592e+00
1.289268848801764067e+00 1.103254625937568623e+00
-2.185489974255978574e+00 1.326924134716467307e-01
-2.878303874598791889e+00 -1.532732831880600388e+00
6.947255811657876201e+00 6.220080168861938041e+00
3.517199789529682707e+00 4.607003228968656217e+00
-3.170367082722403973e-01 5.463809672197638134e-01
5.023885498332907318e-01 1.920551922553149549e+00
6.385584926031568909e-01 -1.573902234641250342e+00
4.582053000795771602e-01 3.102468067779564631e+00
1.547912890640237515e+00 -2.149957404420729468e+00
-1.016641332535306086e+00 -3.897192666649524462e+00
4.366397254813172424e+00 2.493224675798625167e+00
2.926242095574549396e+00 2.924740349623703217e+00
-2.059754049901390438e+00 1.704542708843953314e+00
4.310395705330446248e+00 6.032340914766924911e+00
-1.314432714336798869e+00 -6.107955745396149716e-01
-8.189406711914534176e-01 -8.743713335958456234e-01
-3.387886545881062972e+00 -2.357926954779679285e+00
-9.532382341532261716e-01 8.074212127727853350e-03
-6.926320457178267720e-01 -2.571494858698697428e+00
3.778251519866977048e+00 4.386024539943660372e+00
-4.556754182930090380e+00 -4.553747631213220792e+00
2.172559744400990311e+00 -1.641119333613632048e-01
3.101952443038308083e+00 -1.087546367081646537e-01
-2.827073165790196629e+00 -2.261417160799489956e+00
5.705889213318180886e+00 4.357599654871434858e+00
1.912730830927220183e+00 5.768862135114650735e-01
2.209056701402802414e+00 2.679603418940798232e+00
2.329483277979047084e+00 7.554038278482559932e-01
1.855632723147142116e+00 1.657325235775676253e+00
3.020800502077714000e+00 1.226167610235540550e+00
-2.082980730022774840e-01 -3.959542305898464121e-02
-1.153403067778397517e+00 -2.651570184736445235e+00
1.511137654950237330e+00 2.637893124448579263e-01
-3.571704291056944314e+00 -2.193126433686534149e+00
8.722365111495631318e-01 1.930804387332610617e+00
-2.216562337194331267e+00 -2.495138162393333303e+00
-1.668948294837465429e+00 -3.030169142980994490e+00
1.480850824202523786e+00 -1.676090937849983309e-01
-2.140098999713988537e+00 -1.364841680866948348e-01
-5.332314834573879114e-01 2.936926909420117582e+00
-3.056357758248984813e-01 -3.715993540901239012e-01
-1.363382607291353077e+00 -2.348729006437270339e+00
2.187234590244525378e+00 2.969215408408642176e+00
-2.494475707786020457e+00 -2.300387740049020469e+00
-6.813358971192683633e+00 -7.287648804694057958e+00
8.801821345079106962e+00 7.297794081192072291e+00
-4.741196281126304868e+00 -3.564821535548944986e+00
-8.366522335905092200e-01 1.973269799799511004e+00
-2.843041517268549256e+00 -2.979741159372780501e+00
-2.969495540857347571e+00 -1.544516333474107217e+00
1.379390783120313380e-01 2.819898009267591821e+00
-7.086416614246149770e+00 -6.750164907447512519e+00
-3.271912553738712148e+00 -4.264352325200285065e+00
1.352376326051476507e+00 8.452413665877434035e-01
5.064960906434426979e-01 -7.800619115506005619e-01
-1.255195113453476008e+00 -2.795831139535172039e-01
3.623633672604346767e+00 2.566204444743440227e+00
-8.178674471546978353e+00 -5.970402912457224431e+00
2.153516726863948794e+00 2.848540260985817252e+00
2.087292357252065411e+00 -6.150665361009772791e-01
-1.990079573924816492e+00 -1.820225238682299462e+00
-4.030888212084297706e+00 -4.768238790258450877e+00
8.234678061990786446e+00 7.190907964676768849e+00
7.010035088713775231e-01 1.098193353238556824e+00
8.265589224822529335e-01 1.664044909723927601e+00
-1.290699007003430987e+00 -2.251201405812888190e+00
4.578223335691461671e+00 5.542207214507406388e-01
-1.276082339940300958e+00 -4.269045232938786794e-01
9.042943112783446979e-01 1.489604304800683066e+00
-6.268350803197007437e+00 -5.803600719359281790e+00
4.370193443338019179e+00 3.023242624347054708e+00
-2.882149821762563846e+00 -5.634467017455657256e+00
3.112575827692207753e+00 5.851574898208222741e-01
